{
 "cells": [
  {
   "cell_type": "code",
   "execution_count": 123,
   "metadata": {
    "collapsed": true,
    "pycharm": {
     "name": "#%%\n"
    }
   },
   "outputs": [],
   "source": [
    "import numpy as np\n",
    "import pandas as pd\n",
    "import matplotlib.pyplot as plt\n",
    "import seaborn as sns\n",
    "import os"
   ]
  },
  {
   "cell_type": "code",
   "execution_count": 124,
   "outputs": [
    {
     "data": {
      "text/plain": "'/Users/ar/Documents/FAnalytics/projects/notebooks'"
     },
     "execution_count": 124,
     "metadata": {},
     "output_type": "execute_result"
    }
   ],
   "source": [
    "os.getcwd()"
   ],
   "metadata": {
    "collapsed": false,
    "pycharm": {
     "name": "#%%\n"
    }
   }
  },
  {
   "cell_type": "code",
   "execution_count": 156,
   "outputs": [],
   "source": [
    "pd.set_option(\"display.max_columns\", None)\n",
    "df = pd.read_csv(\"/Users/ar/Documents/FAnalytics/projects/data/soccer-spi/spi_matches_latest.csv\")"
   ],
   "metadata": {
    "collapsed": false,
    "pycharm": {
     "name": "#%%\n"
    }
   }
  },
  {
   "cell_type": "code",
   "execution_count": 157,
   "outputs": [],
   "source": [
    "def filter_league(df:pd.DataFrame, league:str, year:int):\n",
    "\n",
    "    df = df[(df[\"league\"] == league) & (df[\"season\"] == year)]\n",
    "\n",
    "    df[\"date\"] = pd.to_datetime(df[\"date\"])\n",
    "    df.reset_index(inplace = True)\n",
    "\n",
    "    # Binary attributes\n",
    "    df[\"home_win\"] = [1 if x > y else 0 for x,y in zip(df[\"score1\"], df[\"score2\"])]\n",
    "    df[\"tie\"] = [1 if x == y else 0 for x,y in zip(df[\"score1\"], df[\"score2\"])]\n",
    "    df[\"away_win\"] = [1 if x < y else 0 for x,y in zip(df[\"score1\"], df[\"score2\"])]\n",
    "\n",
    "    # Drop rows having nan values\n",
    "    l1 = len(df)\n",
    "    df = df.dropna(subset=[\"score1\", \"score2\"])\n",
    "    l2 = len(df)\n",
    "\n",
    "    print(f\"Number of rows dropped: {l1-l2}\")\n",
    "    return df"
   ],
   "metadata": {
    "collapsed": false,
    "pycharm": {
     "name": "#%%\n"
    }
   }
  },
  {
   "cell_type": "code",
   "execution_count": 158,
   "outputs": [
    {
     "name": "stdout",
     "output_type": "stream",
     "text": [
      "Number of rows dropped: 161\n"
     ]
    },
    {
     "name": "stderr",
     "output_type": "stream",
     "text": [
      "/var/folders/h7/zl8j3kvn5vl_xpmf_mnnfxm80000gn/T/ipykernel_61831/2825075692.py:5: SettingWithCopyWarning: \n",
      "A value is trying to be set on a copy of a slice from a DataFrame.\n",
      "Try using .loc[row_indexer,col_indexer] = value instead\n",
      "\n",
      "See the caveats in the documentation: https://pandas.pydata.org/pandas-docs/stable/user_guide/indexing.html#returning-a-view-versus-a-copy\n",
      "  df[\"date\"] = pd.to_datetime(df[\"date\"])\n",
      "/var/folders/h7/zl8j3kvn5vl_xpmf_mnnfxm80000gn/T/ipykernel_61831/2825075692.py:9: SettingWithCopyWarning: \n",
      "A value is trying to be set on a copy of a slice from a DataFrame.\n",
      "Try using .loc[row_indexer,col_indexer] = value instead\n",
      "\n",
      "See the caveats in the documentation: https://pandas.pydata.org/pandas-docs/stable/user_guide/indexing.html#returning-a-view-versus-a-copy\n",
      "  df[\"home_win\"] = [1 if x > y else 0 for x,y in zip(df[\"score1\"], df[\"score2\"])]\n",
      "/var/folders/h7/zl8j3kvn5vl_xpmf_mnnfxm80000gn/T/ipykernel_61831/2825075692.py:10: SettingWithCopyWarning: \n",
      "A value is trying to be set on a copy of a slice from a DataFrame.\n",
      "Try using .loc[row_indexer,col_indexer] = value instead\n",
      "\n",
      "See the caveats in the documentation: https://pandas.pydata.org/pandas-docs/stable/user_guide/indexing.html#returning-a-view-versus-a-copy\n",
      "  df[\"tie\"] = [1 if x == y else 0 for x,y in zip(df[\"score1\"], df[\"score2\"])]\n",
      "/var/folders/h7/zl8j3kvn5vl_xpmf_mnnfxm80000gn/T/ipykernel_61831/2825075692.py:11: SettingWithCopyWarning: \n",
      "A value is trying to be set on a copy of a slice from a DataFrame.\n",
      "Try using .loc[row_indexer,col_indexer] = value instead\n",
      "\n",
      "See the caveats in the documentation: https://pandas.pydata.org/pandas-docs/stable/user_guide/indexing.html#returning-a-view-versus-a-copy\n",
      "  df[\"away_win\"] = [1 if x < y else 0 for x,y in zip(df[\"score1\"], df[\"score2\"])]\n"
     ]
    },
    {
     "data": {
      "text/plain": "     index  season       date  league_id                    league  \\\n0     1374    2022 2022-08-12       1869  Spanish Primera Division   \n1     1443    2022 2022-08-13       1869  Spanish Primera Division   \n2     1459    2022 2022-08-13       1869  Spanish Primera Division   \n3     1485    2022 2022-08-13       1869  Spanish Primera Division   \n4     1538    2022 2022-08-14       1869  Spanish Primera Division   \n5     1556    2022 2022-08-14       1869  Spanish Primera Division   \n6     1574    2022 2022-08-14       1869  Spanish Primera Division   \n7     1581    2022 2022-08-15       1869  Spanish Primera Division   \n8     1588    2022 2022-08-15       1869  Spanish Primera Division   \n9     1594    2022 2022-08-15       1869  Spanish Primera Division   \n10    1647    2022 2022-08-19       1869  Spanish Primera Division   \n11    1656    2022 2022-08-19       1869  Spanish Primera Division   \n12    1729    2022 2022-08-20       1869  Spanish Primera Division   \n13    1755    2022 2022-08-20       1869  Spanish Primera Division   \n14    1772    2022 2022-08-20       1869  Spanish Primera Division   \n15    1813    2022 2022-08-21       1869  Spanish Primera Division   \n16    1831    2022 2022-08-21       1869  Spanish Primera Division   \n17    1849    2022 2022-08-21       1869  Spanish Primera Division   \n18    1865    2022 2022-08-22       1869  Spanish Primera Division   \n19    1872    2022 2022-08-22       1869  Spanish Primera Division   \n20    1893    2022 2022-08-26       1869  Spanish Primera Division   \n21    1905    2022 2022-08-26       1869  Spanish Primera Division   \n22    1979    2022 2022-08-27       1869  Spanish Primera Division   \n23    2003    2022 2022-08-27       1869  Spanish Primera Division   \n24    2024    2022 2022-08-27       1869  Spanish Primera Division   \n25    2067    2022 2022-08-28       1869  Spanish Primera Division   \n26    2087    2022 2022-08-28       1869  Spanish Primera Division   \n27    2107    2022 2022-08-28       1869  Spanish Primera Division   \n28    2117    2022 2022-08-29       1869  Spanish Primera Division   \n29    2122    2022 2022-08-29       1869  Spanish Primera Division   \n30    2210    2022 2022-09-02       1869  Spanish Primera Division   \n31    2237    2022 2022-09-03       1869  Spanish Primera Division   \n32    2291    2022 2022-09-03       1869  Spanish Primera Division   \n33    2312    2022 2022-09-03       1869  Spanish Primera Division   \n34    2328    2022 2022-09-03       1869  Spanish Primera Division   \n35    2350    2022 2022-09-04       1869  Spanish Primera Division   \n36    2376    2022 2022-09-04       1869  Spanish Primera Division   \n37    2402    2022 2022-09-04       1869  Spanish Primera Division   \n38    2413    2022 2022-09-04       1869  Spanish Primera Division   \n39    2435    2022 2022-09-05       1869  Spanish Primera Division   \n40    2512    2022 2022-09-09       1869  Spanish Primera Division   \n41    2533    2022 2022-09-10       1869  Spanish Primera Division   \n42    2555    2022 2022-09-10       1869  Spanish Primera Division   \n43    2573    2022 2022-09-10       1869  Spanish Primera Division   \n44    2594    2022 2022-09-10       1869  Spanish Primera Division   \n45    2618    2022 2022-09-11       1869  Spanish Primera Division   \n46    2645    2022 2022-09-11       1869  Spanish Primera Division   \n47    2667    2022 2022-09-11       1869  Spanish Primera Division   \n48    2681    2022 2022-09-11       1869  Spanish Primera Division   \n49    2699    2022 2022-09-12       1869  Spanish Primera Division   \n50    2809    2022 2022-09-16       1869  Spanish Primera Division   \n51    2828    2022 2022-09-17       1869  Spanish Primera Division   \n52    2890    2022 2022-09-17       1869  Spanish Primera Division   \n53    2907    2022 2022-09-17       1869  Spanish Primera Division   \n54    2935    2022 2022-09-17       1869  Spanish Primera Division   \n55    2956    2022 2022-09-18       1869  Spanish Primera Division   \n56    2987    2022 2022-09-18       1869  Spanish Primera Division   \n57    3012    2022 2022-09-18       1869  Spanish Primera Division   \n58    3013    2022 2022-09-18       1869  Spanish Primera Division   \n59    3027    2022 2022-09-18       1869  Spanish Primera Division   \n60    3102    2022 2022-09-30       1869  Spanish Primera Division   \n61    3125    2022 2022-10-01       1869  Spanish Primera Division   \n62    3190    2022 2022-10-01       1869  Spanish Primera Division   \n63    3206    2022 2022-10-01       1869  Spanish Primera Division   \n64    3230    2022 2022-10-01       1869  Spanish Primera Division   \n65    3257    2022 2022-10-02       1869  Spanish Primera Division   \n66    3282    2022 2022-10-02       1869  Spanish Primera Division   \n67    3305    2022 2022-10-02       1869  Spanish Primera Division   \n68    3317    2022 2022-10-02       1869  Spanish Primera Division   \n69    3330    2022 2022-10-03       1869  Spanish Primera Division   \n70    3437    2022 2022-10-07       1869  Spanish Primera Division   \n71    3458    2022 2022-10-08       1869  Spanish Primera Division   \n72    3517    2022 2022-10-08       1869  Spanish Primera Division   \n73    3531    2022 2022-10-08       1869  Spanish Primera Division   \n74    3559    2022 2022-10-08       1869  Spanish Primera Division   \n75    3579    2022 2022-10-09       1869  Spanish Primera Division   \n76    3610    2022 2022-10-09       1869  Spanish Primera Division   \n77    3633    2022 2022-10-09       1869  Spanish Primera Division   \n78    3645    2022 2022-10-09       1869  Spanish Primera Division   \n79    3664    2022 2022-10-10       1869  Spanish Primera Division   \n80    3757    2022 2022-10-14       1869  Spanish Primera Division   \n81    3781    2022 2022-10-15       1869  Spanish Primera Division   \n82    3831    2022 2022-10-15       1869  Spanish Primera Division   \n83    3846    2022 2022-10-15       1869  Spanish Primera Division   \n84    3871    2022 2022-10-15       1869  Spanish Primera Division   \n85    3894    2022 2022-10-16       1869  Spanish Primera Division   \n86    3922    2022 2022-10-16       1869  Spanish Primera Division   \n87    3941    2022 2022-10-16       1869  Spanish Primera Division   \n88    3959    2022 2022-10-16       1869  Spanish Primera Division   \n89    3974    2022 2022-10-17       1869  Spanish Primera Division   \n90    3982    2022 2022-10-18       1869  Spanish Primera Division   \n91    3984    2022 2022-10-18       1869  Spanish Primera Division   \n92    3992    2022 2022-10-18       1869  Spanish Primera Division   \n93    4001    2022 2022-10-19       1869  Spanish Primera Division   \n94    4002    2022 2022-10-19       1869  Spanish Primera Division   \n95    4010    2022 2022-10-19       1869  Spanish Primera Division   \n96    4024    2022 2022-10-19       1869  Spanish Primera Division   \n97    4034    2022 2022-10-20       1869  Spanish Primera Division   \n98    4035    2022 2022-10-20       1869  Spanish Primera Division   \n99    4040    2022 2022-10-20       1869  Spanish Primera Division   \n100   4073    2022 2022-10-22       1869  Spanish Primera Division   \n101   4128    2022 2022-10-22       1869  Spanish Primera Division   \n102   4146    2022 2022-10-22       1869  Spanish Primera Division   \n103   4168    2022 2022-10-22       1869  Spanish Primera Division   \n104   4189    2022 2022-10-23       1869  Spanish Primera Division   \n105   4219    2022 2022-10-23       1869  Spanish Primera Division   \n106   4241    2022 2022-10-23       1869  Spanish Primera Division   \n107   4243    2022 2022-10-23       1869  Spanish Primera Division   \n108   4256    2022 2022-10-23       1869  Spanish Primera Division   \n109   4280    2022 2022-10-24       1869  Spanish Primera Division   \n110   4385    2022 2022-10-28       1869  Spanish Primera Division   \n111   4414    2022 2022-10-29       1869  Spanish Primera Division   \n112   4472    2022 2022-10-29       1869  Spanish Primera Division   \n113   4490    2022 2022-10-29       1869  Spanish Primera Division   \n114   4503    2022 2022-10-29       1869  Spanish Primera Division   \n115   4523    2022 2022-10-30       1869  Spanish Primera Division   \n116   4557    2022 2022-10-30       1869  Spanish Primera Division   \n117   4583    2022 2022-10-30       1869  Spanish Primera Division   \n118   4593    2022 2022-10-30       1869  Spanish Primera Division   \n119   4604    2022 2022-10-31       1869  Spanish Primera Division   \n120   4711    2022 2022-11-04       1869  Spanish Primera Division   \n121   4735    2022 2022-11-05       1869  Spanish Primera Division   \n122   4768    2022 2022-11-05       1869  Spanish Primera Division   \n123   4783    2022 2022-11-05       1869  Spanish Primera Division   \n124   4805    2022 2022-11-05       1869  Spanish Primera Division   \n125   4828    2022 2022-11-06       1869  Spanish Primera Division   \n126   4867    2022 2022-11-06       1869  Spanish Primera Division   \n127   4891    2022 2022-11-06       1869  Spanish Primera Division   \n128   4903    2022 2022-11-06       1869  Spanish Primera Division   \n129   4913    2022 2022-11-07       1869  Spanish Primera Division   \n130   4923    2022 2022-11-08       1869  Spanish Primera Division   \n131   4925    2022 2022-11-08       1869  Spanish Primera Division   \n132   4944    2022 2022-11-08       1869  Spanish Primera Division   \n133   4955    2022 2022-11-09       1869  Spanish Primera Division   \n134   4956    2022 2022-11-09       1869  Spanish Primera Division   \n135   4960    2022 2022-11-09       1869  Spanish Primera Division   \n136   4974    2022 2022-11-09       1869  Spanish Primera Division   \n137   4984    2022 2022-11-10       1869  Spanish Primera Division   \n138   4986    2022 2022-11-10       1869  Spanish Primera Division   \n139   4990    2022 2022-11-10       1869  Spanish Primera Division   \n140   5579    2022 2022-12-29       1869  Spanish Primera Division   \n141   5585    2022 2022-12-29       1869  Spanish Primera Division   \n142   5615    2022 2022-12-29       1869  Spanish Primera Division   \n143   5621    2022 2022-12-30       1869  Spanish Primera Division   \n144   5627    2022 2022-12-30       1869  Spanish Primera Division   \n145   5628    2022 2022-12-30       1869  Spanish Primera Division   \n146   5648    2022 2022-12-30       1869  Spanish Primera Division   \n147   5652    2022 2022-12-31       1869  Spanish Primera Division   \n148   5659    2022 2022-12-31       1869  Spanish Primera Division   \n149   5660    2022 2022-12-31       1869  Spanish Primera Division   \n150   5768    2022 2023-01-06       1869  Spanish Primera Division   \n151   5773    2022 2023-01-06       1869  Spanish Primera Division   \n152   5800    2022 2023-01-07       1869  Spanish Primera Division   \n153   5811    2022 2023-01-07       1869  Spanish Primera Division   \n154   5819    2022 2023-01-07       1869  Spanish Primera Division   \n155   5831    2022 2023-01-08       1869  Spanish Primera Division   \n156   5842    2022 2023-01-08       1869  Spanish Primera Division   \n157   5853    2022 2023-01-08       1869  Spanish Primera Division   \n158   5860    2022 2023-01-08       1869  Spanish Primera Division   \n159   5870    2022 2023-01-09       1869  Spanish Primera Division   \n160   5916    2022 2023-01-13       1869  Spanish Primera Division   \n161   5929    2022 2023-01-14       1869  Spanish Primera Division   \n162   5981    2022 2023-01-14       1869  Spanish Primera Division   \n163   5995    2022 2023-01-14       1869  Spanish Primera Division   \n164   6007    2022 2023-01-14       1869  Spanish Primera Division   \n165   6023    2022 2023-01-15       1869  Spanish Primera Division   \n166   6044    2022 2023-01-15       1869  Spanish Primera Division   \n167   6072    2022 2023-01-16       1869  Spanish Primera Division   \n168   6101    2022 2023-01-20       1869  Spanish Primera Division   \n169   6114    2022 2023-01-21       1869  Spanish Primera Division   \n170   6156    2022 2023-01-21       1869  Spanish Primera Division   \n171   6164    2022 2023-01-21       1869  Spanish Primera Division   \n172   6178    2022 2023-01-21       1869  Spanish Primera Division   \n173   6196    2022 2023-01-22       1869  Spanish Primera Division   \n174   6212    2022 2023-01-22       1869  Spanish Primera Division   \n175   6224    2022 2023-01-22       1869  Spanish Primera Division   \n176   6231    2022 2023-01-22       1869  Spanish Primera Division   \n177   6241    2022 2023-01-23       1869  Spanish Primera Division   \n178   6289    2022 2023-01-27       1869  Spanish Primera Division   \n179   6303    2022 2023-01-28       1869  Spanish Primera Division   \n180   6344    2022 2023-01-28       1869  Spanish Primera Division   \n181   6357    2022 2023-01-28       1869  Spanish Primera Division   \n182   6380    2022 2023-01-28       1869  Spanish Primera Division   \n183   6400    2022 2023-01-29       1869  Spanish Primera Division   \n184   6418    2022 2023-01-29       1869  Spanish Primera Division   \n185   6433    2022 2023-01-29       1869  Spanish Primera Division   \n186   6443    2022 2023-01-29       1869  Spanish Primera Division   \n187   6457    2022 2023-01-30       1869  Spanish Primera Division   \n188   6502    2022 2023-02-01       1869  Spanish Primera Division   \n189   6509    2022 2023-02-02       1869  Spanish Primera Division   \n190   6528    2022 2023-02-03       1869  Spanish Primera Division   \n191   6555    2022 2023-02-04       1869  Spanish Primera Division   \n192   6613    2022 2023-02-04       1869  Spanish Primera Division   \n193   6624    2022 2023-02-04       1869  Spanish Primera Division   \n194   6642    2022 2023-02-04       1869  Spanish Primera Division   \n195   6664    2022 2023-02-05       1869  Spanish Primera Division   \n196   6681    2022 2023-02-05       1869  Spanish Primera Division   \n197   6695    2022 2023-02-05       1869  Spanish Primera Division   \n198   6707    2022 2023-02-05       1869  Spanish Primera Division   \n199   6722    2022 2023-02-06       1869  Spanish Primera Division   \n200   6750    2022 2023-02-10       1869  Spanish Primera Division   \n201   6819    2022 2023-02-11       1869  Spanish Primera Division   \n202   6832    2022 2023-02-11       1869  Spanish Primera Division   \n203   6850    2022 2023-02-11       1869  Spanish Primera Division   \n204   6872    2022 2023-02-12       1869  Spanish Primera Division   \n205   6891    2022 2023-02-12       1869  Spanish Primera Division   \n206   6903    2022 2023-02-12       1869  Spanish Primera Division   \n207   6913    2022 2023-02-12       1869  Spanish Primera Division   \n208   6932    2022 2023-02-13       1869  Spanish Primera Division   \n209   6977    2022 2023-02-15       1869  Spanish Primera Division   \n210   7014    2022 2023-02-17       1869  Spanish Primera Division   \n211   7033    2022 2023-02-18       1869  Spanish Primera Division   \n212   7095    2022 2023-02-18       1869  Spanish Primera Division   \n213   7109    2022 2023-02-18       1869  Spanish Primera Division   \n214   7130    2022 2023-02-18       1869  Spanish Primera Division   \n215   7154    2022 2023-02-19       1869  Spanish Primera Division   \n216   7174    2022 2023-02-19       1869  Spanish Primera Division   \n217   7191    2022 2023-02-19       1869  Spanish Primera Division   \n218   7199    2022 2023-02-19       1869  Spanish Primera Division   \n\n               team1            team2   spi1   spi2   prob1   prob2  probtie  \\\n0            Osasuna       Sevilla FC  63.69  71.45  0.3443  0.3590   0.2968   \n1         Celta Vigo         Espanyol  69.06  59.72  0.5358  0.1994   0.2648   \n2    Real Valladolid       Villarreal  59.80  77.14  0.2456  0.5033   0.2510   \n3          Barcelona   Rayo Vallecano  84.44  63.56  0.7269  0.0906   0.1825   \n4              Cadiz    Real Sociedad  62.62  74.77  0.2948  0.4245   0.2808   \n5           Valencia        Girona FC  68.04  58.35  0.5299  0.2044   0.2657   \n6            Almeria      Real Madrid  60.41  86.19  0.1430  0.6651   0.1918   \n7    Athletic Bilbao         Mallorca  72.08  57.58  0.5902  0.1646   0.2452   \n8             Getafe  Atletico Madrid  65.51  80.68  0.2312  0.4817   0.2871   \n9         Real Betis            Elche  70.75  59.59  0.5672  0.1811   0.2517   \n10          Espanyol   Rayo Vallecano  60.66  64.26  0.4134  0.2970   0.2895   \n11        Sevilla FC  Real Valladolid  71.01  59.00  0.5523  0.1854   0.2623   \n12           Osasuna            Cadiz  64.11  61.47  0.4575  0.2568   0.2856   \n13          Mallorca       Real Betis  57.61  72.24  0.2885  0.4354   0.2761   \n14        Celta Vigo      Real Madrid  68.19  86.50  0.1894  0.5899   0.2207   \n15   Athletic Bilbao         Valencia  72.47  68.54  0.4836  0.2315   0.2849   \n16   Atletico Madrid       Villarreal  81.15  77.97  0.4833  0.2562   0.2604   \n17     Real Sociedad        Barcelona  75.99  84.12  0.3282  0.3990   0.2728   \n18             Elche          Almeria  57.96  59.96  0.4226  0.2957   0.2816   \n19         Girona FC           Getafe  58.18  64.89  0.3838  0.3076   0.3085   \n20         Girona FC       Celta Vigo  59.52  67.79  0.3658  0.3494   0.2848   \n21        Real Betis          Osasuna  72.41  65.55  0.5371  0.2001   0.2627   \n22             Elche    Real Sociedad  57.82  74.41  0.2692  0.4540   0.2768   \n23    Rayo Vallecano         Mallorca  65.47  57.37  0.5022  0.2222   0.2757   \n24           Almeria       Sevilla FC  60.25  71.35  0.3364  0.3741   0.2895   \n25            Getafe       Villarreal  63.33  78.84  0.2414  0.4870   0.2716   \n26         Barcelona  Real Valladolid  85.27  58.70  0.7758  0.0669   0.1572   \n27          Espanyol      Real Madrid  59.50  86.66  0.1316  0.6820   0.1864   \n28             Cadiz  Athletic Bilbao  59.90  71.92  0.3208  0.3865   0.2926   \n29          Valencia  Atletico Madrid  69.23  80.34  0.2858  0.4302   0.2841   \n30        Celta Vigo            Cadiz  68.41  57.04  0.5386  0.1960   0.2654   \n31          Mallorca        Girona FC  58.50  59.30  0.4320  0.2807   0.2873   \n32       Real Madrid       Real Betis  86.17  71.87  0.6689  0.1359   0.1952   \n33     Real Sociedad  Atletico Madrid  75.11  80.91  0.3592  0.3522   0.2886   \n34        Sevilla FC        Barcelona  70.83  85.82  0.2320  0.5145   0.2534   \n35           Osasuna   Rayo Vallecano  66.46  64.57  0.4550  0.2525   0.2925   \n36   Athletic Bilbao         Espanyol  74.37  60.18  0.5985  0.1521   0.2494   \n37        Villarreal            Elche  79.39  57.35  0.7059  0.0970   0.1971   \n38          Valencia           Getafe  68.70  63.20  0.4846  0.2108   0.3046   \n39   Real Valladolid          Almeria  57.69  60.62  0.4190  0.3014   0.2796   \n40         Girona FC  Real Valladolid  59.68  58.63  0.4477  0.2673   0.2850   \n41    Rayo Vallecano         Valencia  63.01  70.40  0.3581  0.3478   0.2940   \n42          Espanyol       Sevilla FC  61.41  67.85  0.3793  0.3332   0.2875   \n43             Cadiz        Barcelona  56.37  87.18  0.1162  0.7003   0.1835   \n44   Atletico Madrid       Celta Vigo  80.46  69.16  0.6050  0.1518   0.2432   \n45       Real Madrid         Mallorca  87.29  58.25  0.8355  0.0472   0.1173   \n46             Elche  Athletic Bilbao  56.07  73.37  0.2750  0.4370   0.2880   \n47            Getafe    Real Sociedad  60.69  75.23  0.2749  0.4267   0.2984   \n48        Real Betis       Villarreal  71.82  79.29  0.3354  0.3958   0.2688   \n49           Almeria          Osasuna  59.91  67.82  0.3697  0.3408   0.2894   \n50   Real Valladolid            Cadiz  57.32  55.51  0.4597  0.2585   0.2818   \n51          Mallorca          Almeria  58.65  58.49  0.4394  0.2766   0.2841   \n52         Barcelona            Elche  87.92  54.00  0.8455  0.0405   0.1140   \n53          Valencia       Celta Vigo  70.11  69.70  0.4409  0.2770   0.2820   \n54   Athletic Bilbao   Rayo Vallecano  74.64  62.93  0.5936  0.1566   0.2498   \n55           Osasuna           Getafe  69.39  60.89  0.5253  0.1885   0.2862   \n56        Villarreal       Sevilla FC  79.66  67.47  0.6334  0.1456   0.2210   \n57     Real Sociedad         Espanyol  73.92  60.95  0.5885  0.1646   0.2469   \n58        Real Betis        Girona FC  70.68  60.59  0.5707  0.1773   0.2520   \n59   Atletico Madrid      Real Madrid  79.14  87.09  0.3106  0.4455   0.2439   \n60   Athletic Bilbao          Almeria  74.11  58.59  0.6145  0.1446   0.2410   \n61             Cadiz       Villarreal  55.77  79.33  0.1917  0.5662   0.2421   \n62            Getafe  Real Valladolid  62.27  57.23  0.4621  0.2456   0.2923   \n63        Sevilla FC  Atletico Madrid  68.00  79.28  0.2729  0.4522   0.2749   \n64          Mallorca        Barcelona  59.16  88.66  0.1081  0.7084   0.1834   \n65          Espanyol         Valencia  61.21  70.99  0.3478  0.3736   0.2786   \n66        Celta Vigo       Real Betis  68.89  69.87  0.4033  0.3128   0.2839   \n67         Girona FC    Real Sociedad  61.44  73.49  0.3007  0.4148   0.2845   \n68       Real Madrid          Osasuna  87.07  68.09  0.7441  0.0868   0.1691   \n69    Rayo Vallecano            Elche  63.13  52.79  0.5307  0.2062   0.2630   \n70           Osasuna         Valencia  68.50  71.16  0.4031  0.3047   0.2922   \n71           Almeria   Rayo Vallecano  57.29  63.17  0.3984  0.3135   0.2881   \n72   Atletico Madrid        Girona FC  79.84  60.80  0.6815  0.1125   0.2060   \n73        Sevilla FC  Athletic Bilbao  66.03  75.15  0.3156  0.4058   0.2786   \n74            Getafe      Real Madrid  61.56  87.38  0.1315  0.6753   0.1932   \n75   Real Valladolid       Real Betis  57.24  70.19  0.3123  0.4118   0.2759   \n76             Cadiz         Espanyol  56.37  61.00  0.3909  0.3198   0.2894   \n77     Real Sociedad       Villarreal  73.62  79.49  0.3594  0.3687   0.2719   \n78         Barcelona       Celta Vigo  88.19  69.05  0.7330  0.0852   0.1818   \n79             Elche         Mallorca  52.84  60.32  0.3737  0.3301   0.2962   \n80    Rayo Vallecano           Getafe  62.59  61.58  0.4503  0.2572   0.2926   \n81         Girona FC            Cadiz  61.08  56.04  0.4944  0.2310   0.2746   \n82          Valencia            Elche  71.85  51.70  0.6454  0.1297   0.2248   \n83          Mallorca       Sevilla FC  61.53  66.87  0.3838  0.3228   0.2934   \n84   Athletic Bilbao  Atletico Madrid  75.36  79.71  0.3818  0.3361   0.2820   \n85        Celta Vigo    Real Sociedad  70.43  75.45  0.3466  0.3616   0.2919   \n86       Real Madrid        Barcelona  87.48  87.14  0.4588  0.3042   0.2370   \n87          Espanyol  Real Valladolid  61.03  57.67  0.4809  0.2523   0.2669   \n88        Real Betis          Almeria  70.34  57.72  0.5604  0.1750   0.2646   \n89        Villarreal          Osasuna  78.60  67.50  0.6020  0.1534   0.2446   \n90        Sevilla FC         Valencia  67.02  71.15  0.3746  0.3450   0.2804   \n91            Getafe  Athletic Bilbao  61.93  75.70  0.2663  0.4370   0.2967   \n92   Atletico Madrid   Rayo Vallecano  79.49  62.84  0.6701  0.1112   0.2187   \n93             Cadiz       Real Betis  55.55  70.63  0.2864  0.4242   0.2894   \n94   Real Valladolid       Celta Vigo  57.59  69.90  0.3379  0.3689   0.2932   \n95     Real Sociedad         Mallorca  75.99  61.82  0.6354  0.1237   0.2409   \n96             Elche      Real Madrid  51.90  87.29  0.0897  0.7563   0.1539   \n97           Almeria        Girona FC  56.90  61.29  0.4053  0.3185   0.2762   \n98           Osasuna         Espanyol  67.10  61.47  0.4785  0.2453   0.2762   \n99         Barcelona       Villarreal  87.33  79.09  0.5844  0.1833   0.2324   \n100   Rayo Vallecano            Cadiz  64.54  55.48  0.5138  0.2077   0.2785   \n101  Real Valladolid    Real Sociedad  58.17  75.39  0.2488  0.4825   0.2686   \n102         Valencia         Mallorca  71.12  62.58  0.5404  0.1925   0.2671   \n103      Real Madrid       Sevilla FC  87.11  67.08  0.7606  0.0780   0.1614   \n104         Espanyol            Elche  61.92  52.39  0.5350  0.2058   0.2592   \n105       Real Betis  Atletico Madrid  71.12  78.07  0.3383  0.3696   0.2920   \n106       Villarreal          Almeria  77.86  56.26  0.6896  0.1063   0.2041   \n107        Girona FC          Osasuna  61.47  66.89  0.4142  0.3046   0.2812   \n108        Barcelona  Athletic Bilbao  88.23  75.20  0.6518  0.1400   0.2081   \n109       Celta Vigo           Getafe  68.86  62.27  0.4988  0.2110   0.2902   \n110         Mallorca         Espanyol  63.81  61.56  0.4421  0.2688   0.2890   \n111          Almeria       Celta Vigo  57.72  68.85  0.3532  0.3613   0.2855   \n112            Cadiz  Atletico Madrid  52.93  77.62  0.1859  0.5640   0.2501   \n113       Sevilla FC   Rayo Vallecano  67.56  66.36  0.4482  0.2709   0.2810   \n114         Valencia        Barcelona  69.81  88.29  0.1922  0.5830   0.2248   \n115          Osasuna  Real Valladolid  67.77  58.91  0.5122  0.2096   0.2782   \n116      Real Madrid        Girona FC  86.59  60.80  0.7907  0.0685   0.1407   \n117  Athletic Bilbao       Villarreal  74.26  76.07  0.4099  0.3099   0.2802   \n118    Real Sociedad       Real Betis  74.82  70.75  0.5103  0.2053   0.2844   \n119            Elche           Getafe  52.69  62.53  0.3575  0.3370   0.3055   \n120        Girona FC  Athletic Bilbao  62.00  75.53  0.2901  0.4399   0.2700   \n121           Getafe            Cadiz  62.84  53.79  0.4969  0.2094   0.2937   \n122  Real Valladolid            Elche  57.37  52.68  0.4919  0.2344   0.2737   \n123       Celta Vigo          Osasuna  67.08  69.11  0.4112  0.2902   0.2985   \n124        Barcelona          Almeria  88.23  59.50  0.8212  0.0508   0.1280   \n125  Atletico Madrid         Espanyol  76.02  61.60  0.6361  0.1392   0.2247   \n126    Real Sociedad         Valencia  73.83  68.92  0.5207  0.2096   0.2696   \n127       Villarreal         Mallorca  73.91  64.02  0.5795  0.1594   0.2610   \n128       Real Betis       Sevilla FC  71.85  67.47  0.5153  0.2030   0.2817   \n129   Rayo Vallecano      Real Madrid  66.73  86.54  0.1822  0.6033   0.2145   \n130            Elche        Girona FC  51.61  62.83  0.3235  0.4020   0.2745   \n131  Athletic Bilbao  Real Valladolid  74.88  58.39  0.6367  0.1327   0.2307   \n132          Osasuna        Barcelona  69.37  88.86  0.1844  0.5808   0.2347   \n133          Almeria           Getafe  58.31  62.21  0.4216  0.2765   0.3019   \n134       Sevilla FC    Real Sociedad  68.67  72.84  0.3609  0.3402   0.2989   \n135         Espanyol       Villarreal  61.72  72.65  0.3254  0.3864   0.2882   \n136         Mallorca  Atletico Madrid  65.99  75.86  0.2754  0.4353   0.2893   \n137   Rayo Vallecano       Celta Vigo  67.80  66.83  0.4618  0.2586   0.2796   \n138         Valencia       Real Betis  69.94  70.69  0.4065  0.3043   0.2891   \n139      Real Madrid            Cadiz  85.68  54.84  0.8232  0.0525   0.1242   \n140        Girona FC   Rayo Vallecano  63.90  67.51  0.4036  0.3205   0.2758   \n141       Real Betis  Athletic Bilbao  69.58  75.89  0.3451  0.3548   0.3001   \n142  Atletico Madrid            Elche  75.46  50.30  0.7417  0.0788   0.1795   \n143           Getafe         Mallorca  62.55  66.47  0.3973  0.2674   0.3354   \n144            Cadiz          Almeria  56.15  58.48  0.4194  0.2953   0.2853   \n145       Celta Vigo       Sevilla FC  67.62  68.00  0.4292  0.2758   0.2950   \n146  Real Valladolid      Real Madrid  57.16  84.81  0.1444  0.6651   0.1905   \n147        Barcelona         Espanyol  88.48  61.67  0.8059  0.0542   0.1399   \n148       Villarreal         Valencia  73.04  71.29  0.4642  0.2545   0.2813   \n149    Real Sociedad          Osasuna  73.42  70.01  0.4925  0.2176   0.2899   \n150            Elche       Celta Vigo  50.71  68.18  0.2662  0.4481   0.2857   \n151         Valencia            Cadiz  70.75  55.36  0.5860  0.1680   0.2459   \n152       Villarreal      Real Madrid  73.39  85.27  0.2663  0.4864   0.2472   \n153         Mallorca  Real Valladolid  65.35  56.76  0.4891  0.2195   0.2914   \n154         Espanyol        Girona FC  62.41  64.15  0.4272  0.2980   0.2749   \n155          Almeria    Real Sociedad  59.20  74.00  0.2698  0.4468   0.2834   \n156   Rayo Vallecano       Real Betis  67.15  69.63  0.4079  0.2886   0.3036   \n157       Sevilla FC           Getafe  67.39  63.77  0.4857  0.2082   0.3061   \n158  Atletico Madrid        Barcelona  75.40  88.04  0.2635  0.4873   0.2492   \n159  Athletic Bilbao          Osasuna  76.31  69.63  0.5363  0.1830   0.2807   \n160       Celta Vigo       Villarreal  68.60  74.37  0.3332  0.3684   0.2984   \n161  Real Valladolid   Rayo Vallecano  56.52  66.92  0.3515  0.3586   0.2899   \n162        Girona FC       Sevilla FC  64.46  67.26  0.4241  0.3041   0.2719   \n163          Osasuna         Mallorca  70.02  65.89  0.4840  0.2039   0.3121   \n164    Real Sociedad  Athletic Bilbao  75.05  76.32  0.4315  0.2636   0.3049   \n165           Getafe         Espanyol  63.72  61.89  0.4278  0.2584   0.3138   \n166          Almeria  Atletico Madrid  58.20  76.04  0.2426  0.4909   0.2665   \n167            Cadiz            Elche  56.87  50.50  0.5248  0.1991   0.2760   \n168         Mallorca       Celta Vigo  65.64  70.41  0.3660  0.3150   0.3190   \n169   Rayo Vallecano    Real Sociedad  68.28  75.80  0.3244  0.3755   0.3001   \n170         Espanyol       Real Betis  62.20  69.81  0.3499  0.3435   0.3066   \n171  Atletico Madrid  Real Valladolid  75.89  55.62  0.6750  0.1069   0.2181   \n172       Sevilla FC            Cadiz  66.20  56.26  0.5281  0.1998   0.2721   \n173       Villarreal        Girona FC  72.52  65.37  0.5511  0.2013   0.2476   \n174            Elche          Osasuna  51.29  70.43  0.2475  0.4552   0.2974   \n175        Barcelona           Getafe  87.65  63.38  0.7948  0.0478   0.1573   \n176  Athletic Bilbao      Real Madrid  75.43  84.37  0.3012  0.4439   0.2550   \n177         Valencia          Almeria  69.81  58.33  0.5416  0.1999   0.2584   \n178          Almeria         Espanyol  58.72  62.90  0.4167  0.3014   0.2819   \n179            Cadiz         Mallorca  55.66  66.01  0.3730  0.3015   0.3255   \n180        Girona FC        Barcelona  64.58  86.70  0.1604  0.6343   0.2052   \n181       Sevilla FC            Elche  67.23  52.41  0.6012  0.1504   0.2484   \n182           Getafe       Real Betis  64.94  69.23  0.3808  0.2808   0.3384   \n183  Real Valladolid         Valencia  54.02  69.09  0.3165  0.4007   0.2828   \n184          Osasuna  Atletico Madrid  69.21  76.97  0.3001  0.4042   0.2957   \n185       Celta Vigo  Athletic Bilbao  70.38  75.51  0.3681  0.3210   0.3108   \n186      Real Madrid    Real Sociedad  84.42  76.32  0.5944  0.1768   0.2287   \n187       Villarreal   Rayo Vallecano  73.36  67.76  0.5444  0.1877   0.2679   \n188       Real Betis        Barcelona  71.06  86.61  0.2317  0.5001   0.2682   \n189      Real Madrid         Valencia  84.66  68.84  0.6978  0.1163   0.1859   \n190  Athletic Bilbao            Cadiz  75.04  57.12  0.5962  0.1394   0.2645   \n191         Espanyol          Osasuna  61.57  68.86  0.3874  0.3062   0.3063   \n192            Elche       Villarreal  50.66  72.91  0.2015  0.5361   0.2624   \n193  Atletico Madrid           Getafe  77.41  63.06  0.6352  0.1151   0.2497   \n194       Real Betis       Celta Vigo  70.37  71.17  0.4443  0.2417   0.3140   \n195         Mallorca      Real Madrid  64.63  85.14  0.1640  0.6016   0.2345   \n196        Girona FC         Valencia  65.06  68.37  0.4138  0.3127   0.2734   \n197    Real Sociedad  Real Valladolid  76.24  54.44  0.6695  0.1000   0.2305   \n198        Barcelona       Sevilla FC  87.05  68.54  0.7356  0.0852   0.1792   \n199   Rayo Vallecano          Almeria  68.52  59.95  0.5192  0.2115   0.2693   \n200            Cadiz        Girona FC  56.73  66.13  0.3658  0.3526   0.2816   \n201          Almeria       Real Betis  60.24  69.87  0.3419  0.3726   0.2855   \n202       Sevilla FC         Mallorca  67.54  64.93  0.4856  0.2104   0.3040   \n203         Valencia  Athletic Bilbao  67.40  74.79  0.3527  0.3525   0.2948   \n204           Getafe   Rayo Vallecano  64.21  68.32  0.3796  0.2934   0.3270   \n205       Celta Vigo  Atletico Madrid  70.46  76.39  0.3227  0.3932   0.2840   \n206  Real Valladolid          Osasuna  56.15  68.60  0.3417  0.3442   0.3141   \n207       Villarreal        Barcelona  70.22  87.74  0.2210  0.5331   0.2459   \n208         Espanyol    Real Sociedad  61.85  74.96  0.2850  0.4174   0.2977   \n209      Real Madrid            Elche  85.12  52.96  0.8218  0.0521   0.1261   \n210        Girona FC          Almeria  65.31  59.30  0.4925  0.2490   0.2586   \n211    Real Sociedad       Celta Vigo  74.85  70.20  0.5326  0.1886   0.2787   \n212       Real Betis  Real Valladolid  70.14  56.93  0.5848  0.1599   0.2553   \n213         Mallorca       Villarreal  63.89  70.46  0.3227  0.3594   0.3179   \n214          Osasuna      Real Madrid  67.91  85.74  0.2006  0.5525   0.2469   \n215            Elche         Espanyol  51.84  61.59  0.3224  0.4016   0.2760   \n216   Rayo Vallecano       Sevilla FC  68.72  69.34  0.4468  0.2640   0.2893   \n217  Atletico Madrid  Athletic Bilbao  76.79  74.68  0.4844  0.2362   0.2794   \n218        Barcelona            Cadiz  87.01  58.01  0.8044  0.0502   0.1455   \n\n     proj_score1  proj_score2  importance1  importance2  score1  score2   xg1  \\\n0           1.17         1.20         26.0         38.3     2.0     1.0  1.44   \n1           1.62         0.88         32.6         33.5     2.0     2.0  0.40   \n2           1.16         1.76         34.5         50.8     0.0     3.0  0.91   \n3           2.26         0.65         53.7         23.5     0.0     0.0  1.47   \n4           1.14         1.42         27.6         47.5     0.0     1.0  0.27   \n5           1.61         0.90         28.5         37.3     1.0     0.0  1.68   \n6           1.02         2.39         30.6         68.8     1.0     2.0  0.74   \n7           1.78         0.82         34.1         35.4     0.0     0.0  1.79   \n8           0.90         1.43         25.2         62.4     0.0     3.0  1.20   \n9           1.73         0.86         37.6         31.6     3.0     0.0  3.77   \n10          1.34         1.09         35.9         24.5     0.0     2.0  1.04   \n11          1.64         0.83         26.7         36.7     1.0     1.0  2.08   \n12          1.42         0.99         26.2         32.0     2.0     0.0  3.03   \n13          1.15         1.47         38.2         41.4     1.0     2.0  1.43   \n14          1.11         2.10         29.9         74.2     1.0     4.0  1.35   \n15          1.44         0.91         36.7         31.9     1.0     0.0  0.75   \n16          1.65         1.14         65.4         62.5     0.0     2.0  2.08   \n17          1.28         1.44         58.0         60.3     1.0     4.0  0.76   \n18          1.41         1.13         39.2         33.0     1.0     1.0  1.02   \n19          1.18         1.02         39.7         32.1     3.0     1.0  1.48   \n20          1.29         1.25         34.9         22.0     0.0     1.0  0.69   \n21          1.64         0.89         47.3         27.6     1.0     0.0  0.43   \n22          1.08         1.48         38.4         41.7     0.0     1.0  0.89   \n23          1.52         0.92         22.3         38.2     0